00000000000000000000000000000000
00010111101000000000000011000000
00010111011000000000000000100000
00010111001000000000000000000000
00011011011110010000000000000000
00000111101000000000000000100011
00011011101111110000000000000000
00000111101000000000000000100011
00011011101111000000000000000000
00010011100111010000000000000000
00000111101000000000000000100011
00000111101000000000000000100011
00000111101000000000000000100011
00000111101000000000000000100011
00000111101000000000000000100011
00000111101000000000000000100011
00000111101000000000000000100011
00000111101000000000000010000011
00000111101000000000000010000011
00000111101000000000000010000011
00000111101000000000000000100011
00000111101000000000000000100011
00000111101000000000000000100011
00000111101000000000000000100011
00000111101000000000000000100011
00000111101000000000000000100011
00000111101000000000000000100011
00000111101000000000000000100011
00000111101000000000000000100011
00000111101000000000000000100011
00000111101000000000000000100011
00000111101000000000000000100011
00010001001111000000000000000000
00011101001000000000000000011110
00010111000000000000000000000000
00001011000000000001100000001001
00001011000000000000000000000110
00001011000000000001100000001001
00001011000000000000000000000110
00010001001110000000000000000000
00011011100010010000000000011110
00010001010111000000000000000000
00011101010000000000000000011111
00010111001000000000000000000000
00001011001000000001100000001001
00001011001000000000000011100110
00001011001000000001100000001001
00001011001000000000000000000110
00010001010110010000000000000000
00011011100010100000000000011111
00010001011111000000000000000000
00011101011000000000000000011101
00010111000000000000000011100000
00001011000000000001100000001001
00001011000000000000000010100110
00001011000000000001100000001001
00001011000000000000000000100110
00010001011110000000000000000000
00011011100010110000000000011101
00010001100111000000000000000000
00011101100000000000000000011100
00010111001000000000000011100000
00001011001000000001100000001001
00001011001000000000000000000110
00001011001000000001100000001001
00001011001000000000000000000110
00010001100110010000000000000000
00011011100011000000000000011100
00010001101111000000000000000000
00011101101000000000000000011011
00010111000000000000000000000000
00001011000000000001100000001001
00001011000000000000000010100110
00001011000000000001100000001001
00001011000000000000000010100110
00010001101110000000000000000000
00011011100011010000000000011011
00010001110111000000000000000000
00011101110000000000000000010100
00010101110000000000000000000000
00011011100011100000000000010100
00010001111111000000000000000000
00011101111000000000000000010000
00010101111000000000001001000000
00011011100011110000000000010000
00010010000111000000000000000000
00011110000000000000000000010001
00010110000000000000001000100000
00011011100100000000000000010001
00010010001111000000000000000000
00011110001000000000000000010010
00010110001000000001001110000000
00011011100100010000000000010010
00010010010111000000000000000000
00011110010000000000000000010011
00010110010000000000111001000000
00011011100100100000000000010011
00010010011111000000000000000000
00011110011000000000000000010110
00010110011000000000000000000000
00011011100100110000000000010110
00010010100111000000000000000000
00011110100000000000000000001100
00010110100000000000000001100000
00011011100101000000000000001100
00010010101111000000000000000000
00011110101000000000000000001101
00010110101000000000001001100000
00011011100101010000000000001101
00010000000111000000000000000000
00011100000000000000000000001110
00010100000000000000000110000000
00011011100000000000000000001110
00010000001111000000000000000000
00011100001000000000000000001111
00010100001000000000001110000000
00011011100000010000000000001111
00010000010111000000000000000000
00011100010000000000000000010101
00010100010000000000000000000000
00011011100000100000000000010101
00010000011111000000000000000000
00011100011000000000000000001000
00010100011000000000000001100000
00011011100000110000000000001000
00010000100111000000000000000000
00011100100000000000000000001001
00010100100000000000010001100000
00011011100001000000000000001001
00010000101111000000000000000000
00011100101000000000000000001010
00010100101000000000000110000000
00011011100001010000000000001010
00010000110111000000000000000000
00011100110000000000000000001011
00010100110000000000010110000000
00011011100001100000000000001011
00010000111111000000000000000000
00011100111000000000000000000111
00010100111000000000000000000000
00011011100001110000000000000111
00010001000111000000000000000000
00011101000000000000000000011000
00010101000000000000000000000000
00011011100010000000000000011000
00010001001111000000000000000000
00011101001000000000000000011001
00010101001000000000000000000000
00011011100010010000000000011001
00010001010111000000000000000000
00011101010000000000000000011010
00010101010000000000000000000000
00011011100010100000000000011010
00010001011111000000000000000000
00011101011000000000000000000001
00010101011000000000000000000000
00011011100010110000000000000001
00010001100111000000000000000000
00011101100000000000000000000010
00010101100000000000000000000000
00011011100011000000000000000010
00010001101111000000000000000000
00011101101000000000000000000101
00010101101000000000000000000000
00011011100011010000000000000101
00010001110111000000000000000000
00011101110000000000000000000110
00010101110000000000000000000000
00011011100011100000000000000110
00010001111111000000000000000000
00011101111000000000000000000011
00010101111000000000000000100000
00011011100011110000000000000011
00010010000111000000000000000000
00011110000000000000000000000100
00010111001000000000000000000000
00001011001000000001100000001001
00001011001000000000000010100110
00001011001000000001100000001001
00001011001000000000000010100110
00010010000110010000000000000000
00011011100100000000000000000100
00010010001111000000000000000000
00011110001000000000000000011111
00010010010111000000000000000000
00011110010000000000000000001100
00010010011111000000000000000000
00011110011000000000000000001101
00010010100111000000000000000000
00011110100000000000000000001110
00010010101111000000000000000000
00011110101000000000000000001111
00000111101000000000001100000011
00011011101000001111111111101001
00011011101000011111111111101010
00011011101000101111111111101011
00011011101000111111111111101100
00011011101001001111111111101101
00011011101001011111111111101110
00011011101001101111111111101111
00011011101001111111111111110000
00011011101010001111111111110001
00011011101010011111111111110010
00011011101010101111111111110011
00011011101010111111111111110100
00011011101011001111111111110101
00011011101011011111111111110110
00011011101011101111111111110111
00011011101011111111111111111000
00011011101100001111111111111001
00011011101100011111111111111010
00011011101100101111111111111011
00011011101100111111111111111100
00011011101101001111111111111101
00011011101101011111111111111110
00011011101110011111111111111111
00011011101110000000000000000000
00000111101000000000000011100011
00011011101101010000000000000000
00011011101101001111111111111111
00011011101100111111111111111110
00011011101100101111111111111101
00011011101100011111111111111100
00111000000000000000010001010010
00010011000111010000000000000000
00011111000000000000000000000000
00010011001111010000000000000000
00011111001000001111111111111111
00010010101111010000000000000000
00011110101000001111111111111110
00010010100111010000000000000000
00011110100000001111111111111101
00010010011111010000000000000000
00011110011000001111111111111100
00010010010111010000000000000000
00011110010000001111111111111011
00010010001111010000000000000000
00011110001000001111111111111010
00010010000111010000000000000000
00011110000000001111111111111001
00010001111111010000000000000000
00011101111000001111111111111000
00010001110111010000000000000000
00011101110000001111111111110111
00010001101111010000000000000000
00011101101000001111111111110110
00010001100111010000000000000000
00011101100000001111111111110101
00010001011111010000000000000000
00011101011000001111111111110100
00010001010111010000000000000000
00011101010000001111111111110011
00010001001111010000000000000000
00011101001000001111111111110010
00010001000111010000000000000000
00011101000000001111111111110001
00010000111111010000000000000000
00011100111000001111111111110000
00010000110111010000000000000000
00011100110000001111111111101111
00010000101111010000000000000000
00011100101000001111111111101110
00010000100111010000000000000000
00011100100000001111111111101101
00010000011111010000000000000000
00011100011000001111111111101100
00010000010111010000000000000000
00011100010000001111111111101011
00010000001111010000000000000000
00011100001000001111111111101010
00010000000111010000000000000000
00011100000000001111111111101001
00000111101111111111110100000011
00010011000110100000000000000000
00010000000111000000000000000000
00011100000000000000000000000011
00001100000000000000000000101001
00000111110000000000000000100011
00111100000000000000001110001001
00010000010111000000000000000000
00011100010000000000000000000010
01110111001000000000000000000000
00010111011000000000000000100000
00001011001110110000000000000100
00010000010110010000000000000000
00011011100000100000000000000010
00010000011111000000000000000000
00011100011000000000000000010111
01110011000000000000000000000000
00010000011110000000000000000000
00011011100000110000000000010111
00010000100111000000000000000000
00011100100000000000000000011000
00010000101111000000000000000000
00011100101000000000000000010111
00001000101000000101000000001010
00010011001001010000000000000000
00010000100110010000000000000000
00011011100001000000000000011000
00010000110111000000000000000000
00011100110000000000000000011001
00010000111111000000000000000000
00011100111000000000000000010111
00010011000001110000000000000000
00010111011000000111111111100000
00001011000110110000000000000001
00010000110110000000000000000000
00011011100001100000000000011001
00010001000111000000000000000000
00011101000000000000000000010100
00010101000000000000000000000000
00011011100010000000000000010100
00010001001111000000000000000000
00011101001000000000000000010101
00010101001000000000000000000000
00011011100010010000000000010101
00010001010111000000000000000000
00011101010000000000000000010110
00010101010000000000000000000000
00011011100010100000000000010110
00010001011111000000000000000000
00011101011000000000000000011010
00010101011000000000000000000000
00011011100010110000000000011010
00010001100111000000000000000000
00011101100000000000000000000010
00010001101111000000000000000000
00011101101000000000000000000001
00000111101000000000001100000011
00011011101000001111111111101001
00011011101000011111111111101010
00011011101000101111111111101011
00011011101000111111111111101100
00011011101001001111111111101101
00011011101001011111111111101110
00011011101001101111111111101111
00011011101001111111111111110000
00011011101010001111111111110001
00011011101010011111111111110010
00011011101010101111111111110011
00011011101010111111111111110100
00011011101011001111111111110101
00011011101011011111111111110110
00011011101011101111111111110111
00011011101011111111111111111000
00011011101100001111111111111001
00011011101100011111111111111010
00011011101100101111111111111011
00011011101100111111111111111100
00011011101101001111111111111101
00011011101101011111111111111110
00011011101110011111111111111111
00011011101110000000000000000000
00000111101000000000000010000011
00011011101011010000000000000000
00011011101011001111111111111111
00111000000000000000001110100010
00010011000111010000000000000000
00011111000000000000000000000000
00010011001111010000000000000000
00011111001000001111111111111111
00010010101111010000000000000000
00011110101000001111111111111110
00010010100111010000000000000000
00011110100000001111111111111101
00010010011111010000000000000000
00011110011000001111111111111100
00010010010111010000000000000000
00011110010000001111111111111011
00010010001111010000000000000000
00011110001000001111111111111010
00010010000111010000000000000000
00011110000000001111111111111001
00010001111111010000000000000000
00011101111000001111111111111000
00010001110111010000000000000000
00011101110000001111111111110111
00010001101111010000000000000000
00011101101000001111111111110110
00010001100111010000000000000000
00011101100000001111111111110101
00010001011111010000000000000000
00011101011000001111111111110100
00010001010111010000000000000000
00011101010000001111111111110011
00010001001111010000000000000000
00011101001000001111111111110010
00010001000111010000000000000000
00011101000000001111111111110001
00010000111111010000000000000000
00011100111000001111111111110000
00010000110111010000000000000000
00011100110000001111111111101111
00010000101111010000000000000000
00011100101000001111111111101110
00010000100111010000000000000000
00011100100000001111111111101101
00010000011111010000000000000000
00011100011000001111111111101100
00010000010111010000000000000000
00011100010000001111111111101011
00010000001111010000000000000000
00011100001000001111111111101010
00010000000111010000000000000000
00011100000000001111111111101001
00000111101111111111110100000011
00010011001110100000000000000000
00010001011110010000000000000000
00011011100010110000000000011010
00010001110111000000000000000000
00011101110000000000000000011010
00001101110000000000000000101001
00000111110000000000000000100011
00111100000000000000000000001101
00010010000111000000000000000000
00011110000000000000000000000110
00001110000000000000000000101001
00000111110000000000000000100011
00111100000000000000000000000011
00010110000000000000000000000000
00011011100100000000000000000110
00110100000000000000000000000100
00010010010111000000000000000000
00011110010000000000000000000110
00010110010000000000000000100000
00011011100100100000000000000110
00110100000000000000000000000000
00010010011111000000000000000000
00011110011000000000000000010100
00010010100111000000000000000000
00011110100000000000000000011000
00010010101111000000000000000000
00011110101000000000000000011001
00010000000111000000000000000000
00011100000000000000000000010000
00010000001111000000000000000000
00011100001000000000000000010001
00010000010111000000000000000000
00011100010000000000000000010010
00010000011111000000000000000000
00011100011000000000000000010011
00000111101000000000001100000011
00011011101000001111111111101001
00011011101000011111111111101010
00011011101000101111111111101011
00011011101000111111111111101100
00011011101001001111111111101101
00011011101001011111111111101110
00011011101001101111111111101111
00011011101001111111111111110000
00011011101010001111111111110001
00011011101010011111111111110010
00011011101010101111111111110011
00011011101010111111111111110100
00011011101011001111111111110101
00011011101011011111111111110110
00011011101011101111111111110111
00011011101011111111111111111000
00011011101100001111111111111001
00011011101100011111111111111010
00011011101100101111111111111011
00011011101100111111111111111100
00011011101101001111111111111101
00011011101101011111111111111110
00011011101110011111111111111111
00011011101110000000000000000000
00000111101000000000000100000011
00011011101000110000000000000000
00011011101000101111111111111111
00011011101000011111111111111110
00011011101000001111111111111101
00011011101101011111111111111100
00011011101101001111111111111011
00111000000000000000001011001101
00010011000111010000000000000000
00011111000000000000000000000000
00010011001111010000000000000000
00011111001000001111111111111111
00010010101111010000000000000000
00011110101000001111111111111110
00010010100111010000000000000000
00011110100000001111111111111101
00010010011111010000000000000000
00011110011000001111111111111100
00010010010111010000000000000000
00011110010000001111111111111011
00010010001111010000000000000000
00011110001000001111111111111010
00010010000111010000000000000000
00011110000000001111111111111001
00010001111111010000000000000000
00011101111000001111111111111000
00010001110111010000000000000000
00011101110000001111111111110111
00010001101111010000000000000000
00011101101000001111111111110110
00010001100111010000000000000000
00011101100000001111111111110101
00010001011111010000000000000000
00011101011000001111111111110100
00010001010111010000000000000000
00011101010000001111111111110011
00010001001111010000000000000000
00011101001000001111111111110010
00010001000111010000000000000000
00011101000000001111111111110001
00010000111111010000000000000000
00011100111000001111111111110000
00010000110111010000000000000000
00011100110000001111111111101111
00010000101111010000000000000000
00011100101000001111111111101110
00010000100111010000000000000000
00011100100000001111111111101101
00010000011111010000000000000000
00011100011000001111111111101100
00010000010111010000000000000000
00011100010000001111111111101011
00010000001111010000000000000000
00011100001000001111111111101010
00010000000111010000000000000000
00011100000000001111111111101001
00000111101111111111110100000011
00010011000110100000000000000000
00010010011110000000000000000000
00011011100100110000000000010100
00010000100111000000000000000000
00011100100000000000000000010101
00010000101111000000000000000000
00011100101000000000000000011000
00010000110111000000000000000000
00011100110000000000000000011001
00010000111111000000000000000000
00011100111000000000000000001000
00010001000111000000000000000000
00011101000000000000000000001001
00010001001111000000000000000000
00011101001000000000000000001010
00010001010111000000000000000000
00011101010000000000000000001011
00000111101000000000001100000011
00011011101000001111111111101001
00011011101000011111111111101010
00011011101000101111111111101011
00011011101000111111111111101100
00011011101001001111111111101101
00011011101001011111111111101110
00011011101001101111111111101111
00011011101001111111111111110000
00011011101010001111111111110001
00011011101010011111111111110010
00011011101010101111111111110011
00011011101010111111111111110100
00011011101011001111111111110101
00011011101011011111111111110110
00011011101011101111111111110111
00011011101011111111111111111000
00011011101100001111111111111001
00011011101100011111111111111010
00011011101100101111111111111011
00011011101100111111111111111100
00011011101101001111111111111101
00011011101101011111111111111110
00011011101110011111111111111111
00011011101110000000000000000000
00000111101000000000000100000011
00011011101010100000000000000000
00011011101010011111111111111111
00011011101010001111111111111110
00011011101001111111111111111101
00011011101001101111111111111100
00011011101001011111111111111011
00111000000000000000001001101010
00010011000111010000000000000000
00011111000000000000000000000000
00010011001111010000000000000000
00011111001000001111111111111111
00010010101111010000000000000000
00011110101000001111111111111110
00010010100111010000000000000000
00011110100000001111111111111101
00010010011111010000000000000000
00011110011000001111111111111100
00010010010111010000000000000000
00011110010000001111111111111011
00010010001111010000000000000000
00011110001000001111111111111010
00010010000111010000000000000000
00011110000000001111111111111001
00010001111111010000000000000000
00011101111000001111111111111000
00010001110111010000000000000000
00011101110000001111111111110111
00010001101111010000000000000000
00011101101000001111111111110110
00010001100111010000000000000000
00011101100000001111111111110101
00010001011111010000000000000000
00011101011000001111111111110100
00010001010111010000000000000000
00011101010000001111111111110011
00010001001111010000000000000000
00011101001000001111111111110010
00010001000111010000000000000000
00011101000000001111111111110001
00010000111111010000000000000000
00011100111000001111111111110000
00010000110111010000000000000000
00011100110000001111111111101111
00010000101111010000000000000000
00011100101000001111111111101110
00010000100111010000000000000000
00011100100000001111111111101101
00010000011111010000000000000000
00011100011000001111111111101100
00010000010111010000000000000000
00011100010000001111111111101011
00010000001111010000000000000000
00011100001000001111111111101010
00010000000111010000000000000000
00011100000000001111111111101001
00000111101111111111110100000011
00010011001110100000000000000000
00010000100110010000000000000000
00011011100001000000000000010101
00010001011111000000000000000000
00011101011000000000000000010110
00010001100111000000000000000000
00011101100000000000000000011000
00010001101111000000000000000000
00011101101000000000000000011001
00010001110111000000000000000000
00011101110000000000000000001100
00010001111111000000000000000000
00011101111000000000000000001101
00010010000111000000000000000000
00011110000000000000000000001110
00010010001111000000000000000000
00011110001000000000000000001111
00000111101000000000001100000011
00011011101000001111111111101001
00011011101000011111111111101010
00011011101000101111111111101011
00011011101000111111111111101100
00011011101001001111111111101101
00011011101001011111111111101110
00011011101001101111111111101111
00011011101001111111111111110000
00011011101010001111111111110001
00011011101010011111111111110010
00011011101010101111111111110011
00011011101010111111111111110100
00011011101011001111111111110101
00011011101011011111111111110110
00011011101011101111111111110111
00011011101011111111111111111000
00011011101100001111111111111001
00011011101100011111111111111010
00011011101100101111111111111011
00011011101100111111111111111100
00011011101101001111111111111101
00011011101101011111111111111110
00011011101110011111111111111111
00011011101110000000000000000000
00000111101000000000000100000011
00011011101100010000000000000000
00011011101100001111111111111111
00011011101011111111111111111110
00011011101011101111111111111101
00011011101011011111111111111100
00011011101011001111111111111011
00111000000000000000001000000111
00010011000111010000000000000000
00011111000000000000000000000000
00010011001111010000000000000000
00011111001000001111111111111111
00010010101111010000000000000000
00011110101000001111111111111110
00010010100111010000000000000000
00011110100000001111111111111101
00010010011111010000000000000000
00011110011000001111111111111100
00010010010111010000000000000000
00011110010000001111111111111011
00010010001111010000000000000000
00011110001000001111111111111010
00010010000111010000000000000000
00011110000000001111111111111001
00010001111111010000000000000000
00011101111000001111111111111000
00010001110111010000000000000000
00011101110000001111111111110111
00010001101111010000000000000000
00011101101000001111111111110110
00010001100111010000000000000000
00011101100000001111111111110101
00010001011111010000000000000000
00011101011000001111111111110100
00010001010111010000000000000000
00011101010000001111111111110011
00010001001111010000000000000000
00011101001000001111111111110010
00010001000111010000000000000000
00011101000000001111111111110001
00010000111111010000000000000000
00011100111000001111111111110000
00010000110111010000000000000000
00011100110000001111111111101111
00010000101111010000000000000000
00011100101000001111111111101110
00010000100111010000000000000000
00011100100000001111111111101101
00010000011111010000000000000000
00011100011000001111111111101100
00010000010111010000000000000000
00011100010000001111111111101011
00010000001111010000000000000000
00011100001000001111111111101010
00010000000111010000000000000000
00011100000000001111111111101001
00000111101111111111110100000011
00010011000110100000000000000000
00010001011110000000000000000000
00011011100010110000000000010110
00010010010111000000000000000000
00011110010000000000000000000001
00010010011111000000000000000000
00011110011000000000000000000010
00010010010100110000000000000000
00011011100100100000000000000001
00010010100111000000000000000000
00011110100000000000000000010100
00010010101111000000000000000000
00011110101000000000000000000110
00010011011101000000000000000000
00000111011101010000000000000001
00010000000110110000000000000000
00001100000000000000000001001001
00000111110000000000000000100011
00111100000000000000000000001010
00010000010111000000000000000000
00011100010000000000000000011000
00010000011111000000000000000000
00011100011000000000000000011001
00010000100111000000000000000000
00011100100000000000000000000100
00001000010000000101000000001001
00001000010000110000000000000010
01101100010001000000000000000000
00110100000000000000000000000000
00010000101111000000000000000000
00011100101000000000000000010101
00010000110111000000000000000000
00011100110000000000000000011010
00010011011001010000000000000000
00000111011001100000000000000001
00010000111110110000000000000000
00001100111000000000000001001001
00000111110000000000000000100011
00111100000000000000000011000110
00010001001111000000000000000000
00011101001000000000000000011111
00010001010111000000000000000000
00011101010000000000000000001000
00010001011111000000000000000000
00011101011000000000000000001001
00010001100111000000000000000000
00011101100000000000000000001010
00010001101111000000000000000000
00011101101000000000000000001011
00000111101000000000001100000011
00011011101000001111111111101001
00011011101000011111111111101010
00011011101000101111111111101011
00011011101000111111111111101100
00011011101001001111111111101101
00011011101001011111111111101110
00011011101001101111111111101111
00011011101001111111111111110000
00011011101010001111111111110001
00011011101010011111111111110010
00011011101010101111111111110011
00011011101010111111111111110100
00011011101011001111111111110101
00011011101011011111111111110110
00011011101011101111111111110111
00011011101011111111111111111000
00011011101100001111111111111001
00011011101100011111111111111010
00011011101100101111111111111011
00011011101100111111111111111100
00011011101101001111111111111101
00011011101101011111111111111110
00011011101110011111111111111111
00011011101110000000000000000000
00000111101000000000000011100011
00011011101011010000000000000000
00011011101011001111111111111111
00011011101010111111111111111110
00011011101010101111111111111101
00011011101010011111111111111100
00111000000000000000001000010000
00010011000111010000000000000000
00011111000000000000000000000000
00010011001111010000000000000000
00011111001000001111111111111111
00010010101111010000000000000000
00011110101000001111111111111110
00010010100111010000000000000000
00011110100000001111111111111101
00010010011111010000000000000000
00011110011000001111111111111100
00010010010111010000000000000000
00011110010000001111111111111011
00010010001111010000000000000000
00011110001000001111111111111010
00010010000111010000000000000000
00011110000000001111111111111001
00010001111111010000000000000000
00011101111000001111111111111000
00010001110111010000000000000000
00011101110000001111111111110111
00010001101111010000000000000000
00011101101000001111111111110110
00010001100111010000000000000000
00011101100000001111111111110101
00010001011111010000000000000000
00011101011000001111111111110100
00010001010111010000000000000000
00011101010000001111111111110011
00010001001111010000000000000000
00011101001000001111111111110010
00010001000111010000000000000000
00011101000000001111111111110001
00010000111111010000000000000000
00011100111000001111111111110000
00010000110111010000000000000000
00011100110000001111111111101111
00010000101111010000000000000000
00011100101000001111111111101110
00010000100111010000000000000000
00011100100000001111111111101101
00010000011111010000000000000000
00011100011000001111111111101100
00010000010111010000000000000000
00011100010000001111111111101011
00010000001111010000000000000000
00011100001000001111111111101010
00010000000111010000000000000000
00011100000000001111111111101001
00000111101111111111110100000011
00010011000110100000000000000000
00010001110111000000000000000000
00011101110000000000000000011110
00010001111111000000000000000000
00011101111000000000000000001100
00010010000111000000000000000000
00011110000000000000000000001101
00010010001111000000000000000000
00011110001000000000000000001110
00010010010111000000000000000000
00011110010000000000000000001111
00000111101000000000001100000011
00011011101000001111111111101001
00011011101000011111111111101010
00011011101000101111111111101011
00011011101000111111111111101100
00011011101001001111111111101101
00011011101001011111111111101110
00011011101001101111111111101111
00011011101001111111111111110000
00011011101010001111111111110001
00011011101010011111111111110010
00011011101010101111111111110011
00011011101010111111111111110100
00011011101011001111111111110101
00011011101011011111111111110110
00011011101011101111111111110111
00011011101011111111111111111000
00011011101100001111111111111001
00011011101100011111111111111010
00011011101100101111111111111011
00011011101100111111111111111100
00011011101101001111111111111101
00011011101101011111111111111110
00011011101110011111111111111111
00011011101110000000000000000000
00000111101000000000000011100011
00011011101100100000000000000000
00011011101100011111111111111111
00011011101100001111111111111110
00011011101011111111111111111101
00011011101011101111111111111100
00111000000000000000000110110100
00010011000111010000000000000000
00011111000000000000000000000000
00010011001111010000000000000000
00011111001000001111111111111111
00010010101111010000000000000000
00011110101000001111111111111110
00010010100111010000000000000000
00011110100000001111111111111101
00010010011111010000000000000000
00011110011000001111111111111100
00010010010111010000000000000000
00011110010000001111111111111011
00010010001111010000000000000000
00011110001000001111111111111010
00010010000111010000000000000000
00011110000000001111111111111001
00010001111111010000000000000000
00011101111000001111111111111000
00010001110111010000000000000000
00011101110000001111111111110111
00010001101111010000000000000000
00011101101000001111111111110110
00010001100111010000000000000000
00011101100000001111111111110101
00010001011111010000000000000000
00011101011000001111111111110100
00010001010111010000000000000000
00011101010000001111111111110011
00010001001111010000000000000000
00011101001000001111111111110010
00010001000111010000000000000000
00011101000000001111111111110001
00010000111111010000000000000000
00011100111000001111111111110000
00010000110111010000000000000000
00011100110000001111111111101111
00010000101111010000000000000000
00011100101000001111111111101110
00010000100111010000000000000000
00011100100000001111111111101101
00010000011111010000000000000000
00011100011000001111111111101100
00010000010111010000000000000000
00011100010000001111111111101011
00010000001111010000000000000000
00011100001000001111111111101010
00010000000111010000000000000000
00011100000000001111111111101001
00000111101111111111110100000011
00010011001110100000000000000000
00010010011111000000000000000000
00011110011000000000000000000100
00010111000000000000000011100000
00001011000000000001100000001001
00001011000000000000000011100110
00001011000000000001100000001001
00001011000000000000000011100110
00010010011110000000000000000000
00011011100100110000000000000100
00010010100111000000000000000000
00011110100000000000000000000110
00010110100000000000000000000000
00011011100101000000000000000110
00110100000000000000000000000000
00010010101111000000000000000000
00011110101000000000000000010110
00010000000111000000000000000000
00011100000000000000000000011010
00010011011101010000000000000000
00000111011000000000000000000001
00010000001110110000000000000000
00001100001000000000000001001001
00000111110000000000000000100011
00111100000000000000000011000110
00010000011111000000000000000000
00011100011000000000000000011111
00010000100111000000000000000000
00011100100000000000000000001100
00010000101111000000000000000000
00011100101000000000000000001101
00010000110111000000000000000000
00011100110000000000000000001110
00010000111111000000000000000000
00011100111000000000000000001111
00000111101000000000001100000011
00011011101000001111111111101001
00011011101000011111111111101010
00011011101000101111111111101011
00011011101000111111111111101100
00011011101001001111111111101101
00011011101001011111111111101110
00011011101001101111111111101111
00011011101001111111111111110000
00011011101010001111111111110001
00011011101010011111111111110010
00011011101010101111111111110011
00011011101010111111111111110100
00011011101011001111111111110101
00011011101011011111111111110110
00011011101011101111111111110111
00011011101011111111111111111000
00011011101100001111111111111001
00011011101100011111111111111010
00011011101100101111111111111011
00011011101100111111111111111100
00011011101101001111111111111101
00011011101101011111111111111110
00011011101110011111111111111111
00011011101110000000000000000000
00000111101000000000000011100011
00011011101001110000000000000000
00011011101001101111111111111111
00011011101001011111111111111110
00011011101001001111111111111101
00011011101000111111111111111100
00111000000000000000000101000000
00010011000111010000000000000000
00011111000000000000000000000000
00010011001111010000000000000000
00011111001000001111111111111111
00010010101111010000000000000000
00011110101000001111111111111110
00010010100111010000000000000000
00011110100000001111111111111101
00010010011111010000000000000000
00011110011000001111111111111100
00010010010111010000000000000000
00011110010000001111111111111011
00010010001111010000000000000000
00011110001000001111111111111010
00010010000111010000000000000000
00011110000000001111111111111001
00010001111111010000000000000000
00011101111000001111111111111000
00010001110111010000000000000000
00011101110000001111111111110111
00010001101111010000000000000000
00011101101000001111111111110110
00010001100111010000000000000000
00011101100000001111111111110101
00010001011111010000000000000000
00011101011000001111111111110100
00010001010111010000000000000000
00011101010000001111111111110011
00010001001111010000000000000000
00011101001000001111111111110010
00010001000111010000000000000000
00011101000000001111111111110001
00010000111111010000000000000000
00011100111000001111111111110000
00010000110111010000000000000000
00011100110000001111111111101111
00010000101111010000000000000000
00011100101000001111111111101110
00010000100111010000000000000000
00011100100000001111111111101101
00010000011111010000000000000000
00011100011000001111111111101100
00010000010111010000000000000000
00011100010000001111111111101011
00010000001111010000000000000000
00011100001000001111111111101010
00010000000111010000000000000000
00011100000000001111111111101001
00000111101111111111110100000011
00010011001110100000000000000000
00010001000111000000000000000000
00011101000000000000000000011110
00010001001111000000000000000000
00011101001000000000000000001000
00010001010111000000000000000000
00011101010000000000000000001001
00010001011111000000000000000000
00011101011000000000000000001010
00010001100111000000000000000000
00011101100000000000000000001011
00000111101000000000001100000011
00011011101000001111111111101001
00011011101000011111111111101010
00011011101000101111111111101011
00011011101000111111111111101100
00011011101001001111111111101101
00011011101001011111111111101110
00011011101001101111111111101111
00011011101001111111111111110000
00011011101010001111111111110001
00011011101010011111111111110010
00011011101010101111111111110011
00011011101010111111111111110100
00011011101011001111111111110101
00011011101011011111111111110110
00011011101011101111111111110111
00011011101011111111111111111000
00011011101100001111111111111001
00011011101100011111111111111010
00011011101100101111111111111011
00011011101100111111111111111100
00011011101101001111111111111101
00011011101101011111111111111110
00011011101110011111111111111111
00011011101110000000000000000000
00000111101000000000000011100011
00011011101011000000000000000000
00011011101010111111111111111111
00011011101010101111111111111110
00011011101010011111111111111101
00011011101010001111111111111100
00111000000000000000000011100100
00010011000111010000000000000000
00011111000000000000000000000000
00010011001111010000000000000000
00011111001000001111111111111111
00010010101111010000000000000000
00011110101000001111111111111110
00010010100111010000000000000000
00011110100000001111111111111101
00010010011111010000000000000000
00011110011000001111111111111100
00010010010111010000000000000000
00011110010000001111111111111011
00010010001111010000000000000000
00011110001000001111111111111010
00010010000111010000000000000000
00011110000000001111111111111001
00010001111111010000000000000000
00011101111000001111111111111000
00010001110111010000000000000000
00011101110000001111111111110111
00010001101111010000000000000000
00011101101000001111111111110110
00010001100111010000000000000000
00011101100000001111111111110101
00010001011111010000000000000000
00011101011000001111111111110100
00010001010111010000000000000000
00011101010000001111111111110011
00010001001111010000000000000000
00011101001000001111111111110010
00010001000111010000000000000000
00011101000000001111111111110001
00010000111111010000000000000000
00011100111000001111111111110000
00010000110111010000000000000000
00011100110000001111111111101111
00010000101111010000000000000000
00011100101000001111111111101110
00010000100111010000000000000000
00011100100000001111111111101101
00010000011111010000000000000000
00011100011000001111111111101100
00010000010111010000000000000000
00011100010000001111111111101011
00010000001111010000000000000000
00011100001000001111111111101010
00010000000111010000000000000000
00011100000000001111111111101001
00000111101111111111110100000011
00010011000110100000000000000000
00010001101111000000000000000000
00011101101000000000000000000100
00010111001000000000000000000000
00001011001000000001100000001001
00001011001000000000000010100110
00001011001000000001100000001001
00001011001000000000000010100110
00010001101110010000000000000000
00011011100011010000000000000100
00010001110111000000000000000000
00011101110000000000000000000110
00010101110000000000000000000000
00011011100011100000000000000110
00110100000000000000000000000000
00010001111111000000000000000000
00011101111000000000000000010101
00010010000111000000000000000000
00011110000000000000000000010110
00010011011011110000000000000000
00000111011100000000000000000001
00010010001110110000000000000000
00001110001000000000000000101100
00000111110000000000000000100011
00111100000000000000000000000100
00010010011111000000000000000000
00011110011000000000000000011101
01111010011000000000000000000000
00110100000000000000000000000011
00010010100111000000000000000000
00011110100000000000000000011100
01111010100000000000000000000000
00110100000000001111110001110010
00010100001000000000000000100000
00010100010000000000000000100000
00011000001000100000000000000000
01101000000000000000000000000000
00000000000000000000000000000000
00000000000000000000000000000000
11111100000000000000000000000000
00011011101111111111111111111001
00011011101111001111111111111010
00010011100111010000000000000000
00000111100000000000000011000100
00010001110111000000000000000000
00011101110000000000000000000001
00010001111111000000000000000000
00011101111000000000000000000010
00010010000111000000000000000000
00011110000000000000000000000011
00010010001111000000000000000000
00011110001000000000000000000100
00010010010111000000000000000000
00011110010000000000000000000101
00010010011111000000000000000000
00011110011000000000000000000110
00000111101000000000000000100011
00000111101000000000000000100011
00000111101000000000000000100011
00010010100111000000000000000000
00011110100000000000000000001001
00010110100000000000000000000000
00011011100101000000000000001001
00010010101111000000000000000000
00011110101000000000000000000111
00010110101000000000000000000000
00011011100101010000000000000111
00010000000111000000000000000000
00011100000000000000000000001000
00010100000000000000000000000000
00011011100000000000000000001000
00010000001111000000000000000000
00011100001000000000000000000001
00010000010111000000000000000000
00011100010000000000000000000011
00001100001000100000000000000110
00000111110000000000000000100011
00111100000000000000000000001101
00010000100111000000000000000000
00011100100000000000000000000001
00010000101111000000000000000000
00011100101000000000000000000101
00001100100001010000000000000101
00000111110000000000000000100011
00111100000000000000000000000101
00010000111111000000000000000000
00011100111000000000000000000111
00010100111000000000000000100000
00011011100001110000000000000111
00110100000000000000000000000000
00110100000000000000000000000000
00010001000111000000000000000000
00011101000000000000000000000010
00010001001111000000000000000000
00011101001000000000000000000110
00001101000010010000000000000101
00000111110000000000000000100011
00111100000000000000000000001101
00010001011111000000000000000000
00011101011000000000000000000010
00010001100111000000000000000000
00011101100000000000000000000100
00001101011011000000000000000110
00000111110000000000000000100011
00111100000000000000000000000101
00010001110111000000000000000000
00011101110000000000000000001000
00010101110000000000000000100000
00011011100011100000000000001000
00110100000000000000000000000000
00110100000000000000000000000000
00010001111111000000000000000000
00011101111000000000000000000111
00010010000111000000000000000000
00011110000000000000000000001000
00010011011011110000000000000000
00000111011100000000000000000001
00010010001110110000000000000000
00001110001000000000000001001001
00000111110000000000000000100011
00111100000000000000000000000101
00010010011111000000000000000000
00011110011000000000000000001001
00010110011000000000000000100000
00011011100100110000000000001001
00110100000000000000000000000000
00010010100111000000000000000000
00011110100000000000000000001001
00010011010101000000000000000000
00110100000000000000000000000000
00010011111111000000000000000000
00011111111000001111111111111111
00010011101111000000000000000000
00011111100000000000000000000000
00000111101111111111111111000011
00101011111000000000000000000000
00011011101111111111111111111101
00011011101111001111111111111110
00010011100111010000000000000000
00000111100000000000000001000100
00010010101111000000000000000000
00011110101000000000000000000001
00010000000111000000000000000000
00011100000000000000000000000010
00000111101000000000000000100011
00010000001111000000000000000000
00011100001000000000000000000011
00010100001000000000000000000000
00011011100000010000000000000011
00010000010111000000000000000000
00011100010000000000000000000001
00001100010000000000000000101001
00000111110000000000000000100011
00111100000000000000000000001111
00010000100111000000000000000000
00011100100000000000000000000010
00001100100000000000000000001001
00000111110000000000000000100011
00111100000000000000000000000101
00010000110111000000000000000000
00011100110000000000000000000011
00010100110000000000000000100000
00011011100001100000000000000011
00110100000000000000000000000100
00010000111111000000000000000000
00011100111000000000000000000011
00010100111000000000000000000000
00011011100001110000000000000011
00110100000000000000000000000000
00010001000111000000000000000000
00011101000000000000000000000011
00010011010010000000000000000000
00110100000000000000000000000000
00010011111111000000000000000000
00011111111000001111111111111111
00010011101111000000000000000000
00011111100000000000000000000000
00000111101111111111111111000011
00101011111000000000000000000000
00011011101111111111111111111010
00011011101111001111111111111011
00010011100111010000000000000000
00000111100000000000000010100100
00010000000111000000000000000000
00011100000000000000000000000001
00010000001111000000000000000000
00011100001000000000000000000010
00010000010111000000000000000000
00011100010000000000000000000011
00010000011111000000000000000000
00011100011000000000000000000100
00010000100111000000000000000000
00011100100000000000000000000101
00000111101000000000000000100011
00000111101000000000000000100011
00010000101111000000000000000000
00011100101000000000000000000110
00010011011000010000000000000000
00000111011000000000000000100100
00010000110110110000000000000000
00010000101001100000000000000000
00011011100001010000000000000110
00010000111111000000000000000000
00011100111000000000000000000111
00010011011000100000000000000000
00000111011000000000000000100100
00010001000110110000000000000000
00010000111010000000000000000000
00011011100001110000000000000111
00010001001111000000000000000000
00011101001000000000000000000110
00010001010111000000000000000000
00011101010000000000000000000100
00010011011010100000000000000000
00000111011000000000000000100011
00010001011110110000000000000000
00001101001010110000000000000101
00000111110000000000000000100011
00111100000000000000000000011011
00010001101111000000000000000000
00011101101000000000000000000111
00010001110111000000000000000000
00011101110000000000000000000001
00001001001000000101000000001001
00001001001011010000000000000010
01101101001011100000000000000000
00010001111111000000000000000000
00011101111000000000000000000110
00010010000111000000000000000000
00011110000000000000000000000101
00010011011100000000000000000000
00000111011000000000000000100011
00010010001110110000000000000000
00010010010111000000000000000000
00011110010000000000000000000001
00001001111000000101000000001001
00001001111100010000000000000010
01101101111100100000000000000000
00010010011111000000000000000000
00011110011000000000000000000110
00010011011100110000000000000000
00000111011000000000000000100011
00010010100110110000000000000000
00010010011101000000000000000000
00011011100100110000000000000110
00110100000000001111111111011011
00010010101111000000000000000000
00011110101000000000000000000110
00010000000111000000000000000000
00011100000000000000000000000010
00010011011000000000000000000000
00000111011000000000000000100100
00010000001110110000000000000000
00010010101000010000000000000000
00011011100101010000000000000110
00010000010111000000000000000000
00011100010000000000000000000111
00010000011111000000000000000000
00011100011000000000000000000101
00010011011000110000000000000000
00000111011000000000000000100011
00010000100110110000000000000000
00001100010001000000000000000101
00000111110000000000000000100011
00111100000000000000000000011011
00010000110111000000000000000000
00011100110000000000000000000110
00010000111111000000000000000000
00011100111000000000000000000001
00001000110000000101000000001001
00001000110000100000000000000010
01101100110001110000000000000000
00010001000111000000000000000000
00011101000000000000000000000100
00010011011010000000000000000000
00000111011000000000000000100011
00010001001110110000000000000000
00010001010111000000000000000000
00011101010000000000000000000111
00010001011111000000000000000000
00011101011000000000000000000001
00001001001000000101000000001001
00001001001010100000000000000010
01101101001010110000000000000000
00010001100111000000000000000000
00011101100000000000000000000111
00010011011011000000000000000000
00000111011000000000000000100011
00010001101110110000000000000000
00010001100011010000000000000000
00011011100011000000000000000111
00110100000000001111111111011011
00010011111111000000000000000000
00011111111000001111111111111111
00010011101111000000000000000000
00011111100000000000000000000000
00000111101111111111111111000011
00101011111000000000000000000000

